BurstSizeHIP = ...
[7622.6 7613.5;...
 7874.4 7862.3;...
 7862.3 7856.2;...
 7856.2 7844.9;...
 7844.9 7834.6;...
 2238.0 2228.6;...
 2926.7 2915.3;...
 3139.5 3129.3;...
 8262.6 8252.9;...
 8003.1 7991.6;...
 12766.9 12753.6;...
 8255.7 8242.8;...
 2899.5 2892.6;...
 10296.4 10287.6;...
 13008.2 12987.2;...
 9715.2 9704.2;...
 3288.0 3278.1;...
 3278.1 3267.8;...
 2684.3 2673.4;...
 2673.4 2661.1;...
 2661.1 2649.6; ...
 2021.0 2015.3;...
 2015.3 2010.0;...
 1998.7 1988.2;...
 1978.0 1970.3;...
 1932.6 1922.1;...
 1723.1 1714.8;...
 1714.8 1706.4;...
 3796.4 3786.3;...
 3786.3 3775.7;...
 3270.1 3261.9;...
 3261.9 3253.7;...
 3545.4 3536.7;...
 8610.6 8599.9;...
 4652.5 4632.0;...
 4547.8 4536.3;...
 10550.8 10539.1;...
 10539.1 10528.4;...
 2902.8 2894.0;...
 8127.9 8118.8;...
 ];

BurstSize_LoFill = [...
3698.0 3689.2;...
3689.2 3680.6;...
2755.8 2747.6;...
1402.7 1392.8;...
1392.8 1385.5;...
1385.5 1379.2;...
1379.2 1373.2;...
3224.3 3215.1;...
1345.7 1336.4;...
1418.3 1409.1;...
1409.1 1397.8;...
2806.8 2797.0;...
2950.3 2942.3;...
2942.3 2933.6;...
4345.1 4336.0;...
721.4 712.5;...
4130.3 4121.3;...
4121.3 4112.0;...
1445.8 1436.3;...
868.0 859.3;...
859.3 849.4;...
849.4 838.8;...
838.8 830.0;...
1223.4 1215.6;...
1251.6 1232.7;...
1324.4 1313.1;...
1313.1 1304.1;...
1358.7 1350.5;...
1350.5 1342.3;...
1614.9 1605.4;...
691.3 680.8;...
680.8 673.9;...
2487.2 2479.0;...
2479.0 2469.7;...
2469.7 2460.8;...
761.9 752.0];
 
 